111111111111111111111111111111111
010101010101010101010101010101000
010100010101010100010101000101011
000110110100010777610101101100a00
110100100105000111100101000111011
010007776111107776000000777600777
00b010101010110011111011001101110
100111101000100110100010011077761
001101077760077760001111110011114
111001101110101077761077761077760
010011000100101011077760110010777
300010011110101110010110100110100
011000c00100101000111100077761111
010001011111111110777601101000777
111011000107776000110101001050011
077760011111100050010111011011000
111011077760005010110010001001001
077760011010501010011011011111100
010010010010101010010010777600777
