1111111111111111111111111111111111111
3100100101010101001000100101010010100
00a0001101007776001110001101010110004
1101000101101100011011007776010100111
0111011100111001110010011111010101100
0000777601101011011011000100010000777
1111101101077760010010011111000111111
0101000100777610110011007776101101010
000101111110110b011001011111000000777
1100010100100110110007776001050110111
0111000007776100011111011011010010777
0077760501000111077760007776011010111
1101110101050007776000500107776010777
0001000111011110101011101110011111111
1111111100010777601010077761077760010
0001010005011101101110100110010000777
1011011101010001077761110100111101111
0c00007776111101010110011110777600777
0011111100010001010107776077761110111
1110007776010111110001001011000100777
0077761001010101000111111010011110011
0101010011010100050107776011077761110
1101011010010110110001011010001000777
0001001010010100100501001010501001010
