111111111111111111111111111111111
010101001010010001001001010100100
010101101010010111077761000110101
007776077761010101111001011100100
111011111001000777600011010110001
007776010001011111111010010010500
010100011101001010010011010110110
111101110001001000110b01010010011
300077761101011100011000000000777
101101000000777611001110111050010
001001001111110100011007776111111
101101111000777601110001007776000
0010001077761100c0010501101100011
111111111101000101000100100105000
010101010101110101011100100101111
000000000077760101010001110100777
110505011011010101010500100101111
000101010001111101010110101100777
050101010500107776010100101001014
