111111111111111111111111111111111
001001010010101077760010100101010
107776011010101110111010110101010
00111101001010010a010777607776000
001010010110777600110111111101050
101010777600111110010010101077760
300011011110010100110110107776111
110000777600110100100010111100777
0001101100b0010110105010010101111
050100100100777607776110010000004
110111110110110001000777610505010
011101011100100501050101100111111
000100010001111101010111000100777
110111010500107776010077760001011
000101000110101011110010111011000
110100050010101110777610010c01111
007776010010100100100011111000777
101011010110110110105010077761010
001010010010100100101010101001010
