111111111111111111111111111111111
010001077760101001001010100010100
000111110110101011077760110110110
11000100010a001077761110100010777
300501100777601111077760111077761
110100111101111077761110101011110
000110010100101101110010101001014
1111001100b0100101010010101011000
001077761101100101011010100010050
007776110100110101010010005000111
010100777610100000000777601050777
111111110000777611110010101111011
000100777610110077761010100010c00
110777601100010100110010111111011
077760100101110110011110007776000
111011110101000100110777601001011
000777600101011111100100101011010
101011101101000777601101101001000
001000100101050100101000101001050
