111111111111111111111111111111111
001001001010010010010101010101010
011101101011010110010100777601000
001007776010a00011010110111101011
101110011010010010010010001001010
000777610011011110111010111000777
050010777610001010101007776011111
011011100777601010107776007776000
010010001111100b07776111110111011
111111111001001011101010010001000
010101001107776010000777611077761
000100007776111011050010001010777
110111110101077760011111101110100
00c010777601001010777601001011111
110110101111011011110101101001014
300011100010010010007776000077760
110007776010111110010011105010777
000501101010077761011001001010101
050100101010010010010001001010100
