1111111111111111111111111111111111111
0077760010010010100101001010010010100
1011110111000110110100011010111000100
0a01000100011100010111001010101101101
1011110110001001110010001010777600100
0000077761101077761011100010010107776
1101110001077761110010111000111101100
0001000507776000100077760011100100111
1111050100101101111110111000100100010
0001111111111000101010007776110005004
1011001077760011101010111111000111111
000110111107776010100b010001100000777
1107776001111000100010777607776111100
0111101000101110001111101100100777611
0001001110001011100100777601111111100
1100777600501007776101101100100100101
00010101111010110110001010c0000000777
1111110000007776001050101101111101010
0777600011010111011011111000777601111
3100105010010001010007776110011101010
1110001011011011010501011000110100777
0100501001001001110101001050777601101
0001101101111101000101011010101101000
0500100100107776050101001010100101050
