1111111111111111111111111111111111111
0100101000101010100101010100100100777
0001101011100010777601010101101110111
1107776010101111110001010001001000100
0111101010777601011001010111101050101
0001001011011101010011000100101010100
1100077760010101011001110110100010001
0001110111010101010011010010001110500
1111007776010001011001010010111011111
30011111010110b0001101010110101000777
0100101007776101001000777607776011111
1110077761111001111111010001007776000
0011101000101077760077760111100100011
1000111110001110777611010010110105000
0050101011100777610100010077761111111
1110100007776110010100111001000101010
0100111001077761011110010011050000004
000c077761110001110777610010011111111
1110110010777600100010011111000000777
0077761010010110100111110007776050110
1111010010111100110077760501011010011
0077761010777600100101011101001010777
1011010010101101101101010001011010101
0010010010100101000101010501010010100
